#! FIELDS cv file.free der_cv
#! SET min_cv -31.5
#! SET max_cv 31.5
#! SET nbins_cv  361
#! SET periodic_cv false
  -31.500000000  214.147462473   -0.000000000
  -31.325000000  214.147462473   -0.000000000
  -31.150000000  214.147462473   -0.000000000
  -30.975000000  214.147462473   -0.000000000
  -30.800000000  214.147462473   -0.000000000
  -30.625000000  214.147462473   -0.000000000
  -30.450000000  214.147462473   -0.000000000
  -30.275000000  214.147462473   -0.000000000
  -30.100000000  214.147462473   -0.000000000
  -29.925000000  214.147462473   -0.000000000
  -29.750000000  214.147462473   -0.000000000
  -29.575000000  214.147462473   -0.000000000
  -29.400000000  214.147462473   -0.000000000
  -29.225000000  214.147462473   -0.000000000
  -29.050000000  214.147462473   -0.000000000
  -28.875000000  214.147462473   -0.000000000
  -28.700000000  214.147462473   -0.000000000
  -28.525000000  214.147462473   -0.000000000
  -28.350000000  214.147462473   -0.000000000
  -28.175000000  214.147462473   -0.000000000
  -28.000000000  214.147462473   -0.000000000
  -27.825000000  214.147462473   -0.000000000
  -27.650000000  214.147462473   -0.000000000
  -27.475000000  214.147462473   -0.000000000
  -27.300000000  214.147462473   -0.000000000
  -27.125000000  214.147462473   -0.000000000
  -26.950000000  214.147462473   -0.000000000
  -26.775000000  214.147462473   -0.000000000
  -26.600000000  214.147462473   -0.000000000
  -26.425000000  214.147462473   -0.000000000
  -26.250000000  214.147462473   -0.000000000
  -26.075000000  214.147462473   -0.000000000
  -25.900000000  214.147462473   -0.000000000
  -25.725000000  214.147462473   -0.000000000
  -25.550000000  214.147462473   -0.000000000
  -25.375000000  214.147462473   -0.000000000
  -25.200000000  214.147462473   -0.000000000
  -25.025000000  214.147462473   -0.000000000
  -24.850000000  214.147462473   -0.000000000
  -24.675000000  214.147462473   -0.000000000
  -24.500000000  214.147462473   -0.000000000
  -24.325000000  214.147462473   -0.000000000
  -24.150000000  214.147462473   -0.000000000
  -23.975000000  214.147462473   -0.000000000
  -23.800000000  214.147462473   -0.000000000
  -23.625000000  214.147462473   -0.000000000
  -23.450000000  214.147462473   -0.000000000
  -23.275000000  214.147462473   -0.000000000
  -23.100000000  214.147462473   -0.000000000
  -22.925000000  214.147462473   -0.000000000
  -22.750000000  214.147462473   -0.000000000
  -22.575000000  214.147462473   -0.000000000
  -22.400000000  214.147462473   -0.000000000
  -22.225000000  214.147462473   -0.000000000
  -22.050000000  214.147462473   -0.000000000
  -21.875000000  214.147462473   -0.000000000
  -21.700000000  214.147462473   -0.000000000
  -21.525000000  214.147462473   -0.000000000
  -21.350000000  214.147462473   -0.000000000
  -21.175000000  214.147462473   -0.000000000
  -21.000000000  214.147462473   -0.000000000
  -20.825000000  214.147462473   -0.000000000
  -20.650000000  214.147462473   -0.000000000
  -20.475000000  214.147462473   -0.000000000
  -20.300000000  214.147462473   -0.000000000
  -20.125000000  214.147462473   -0.000000000
  -19.950000000  214.147462473   -0.000000000
  -19.775000000  214.147462473   -0.000000000
  -19.600000000  214.147462473   -0.000000000
  -19.425000000  214.147462473   -0.000000000
  -19.250000000  214.147462473   -0.000000000
  -19.075000000  214.147462473   -0.000000000
  -18.900000000  214.147462473   -0.000000000
  -18.725000000  214.147462473   -0.000000000
  -18.550000000  214.147462473   -0.000000000
  -18.375000000  214.147462473   -0.000000000
  -18.200000000  214.147462473   -0.000000000
  -18.025000000  214.147462473   -0.000000000
  -17.850000000  214.147462473   -0.000000000
  -17.675000000  214.147462473   -0.000000000
  -17.500000000  214.147462473   -0.000000000
  -17.325000000  214.147462473   -0.000000000
  -17.150000000  214.147462473   -0.000000000
  -16.975000000  214.147462473   -0.000000000
  -16.800000000  214.147462473   -0.000000000
  -16.625000000  214.147462473   -0.000000000
  -16.450000000  214.147462473   -0.000000000
  -16.275000000  214.147462473   -0.000000000
  -16.100000000  214.147462473   -0.000000000
  -15.925000000  214.147138448   -0.015080228
  -15.750000000  214.139923634   -0.092763491
  -15.575000000  214.095318274   -0.523193021
  -15.400000000  213.900941611   -1.897164318
  -15.225000000  213.328710305   -5.044857293
  -15.050000000  211.945722507  -11.420718511
  -14.875000000  209.034461019  -22.812377551
  -14.700000000  203.609651639  -40.237008538
  -14.525000000  194.605280275  -63.430879816
  -14.350000000  181.271151504  -88.969212060
  -14.175000000  163.636750055 -111.528650734
  -14.000000000  142.762922071 -125.149385986
  -13.825000000  120.565834173 -126.398285120
  -13.650000000   99.202563986 -116.120313696
  -13.475000000   80.340535754  -98.797755265
  -13.300000000   64.689708780  -80.262768115
  -13.125000000   52.052419110  -64.821138205
  -12.950000000   41.757441320  -53.532772836
  -12.775000000   33.127484384  -45.478031420
  -12.600000000   25.766034218  -38.741100437
  -12.425000000   19.548620303  -32.328979622
  -12.250000000   14.466106675  -25.813945280
  -12.075000000   10.502512694  -19.587832671
  -11.900000000    7.556499886  -14.203005994
  -11.725000000    5.470643073   -9.818959881
  -11.550000000    4.047608224   -6.582192327
  -11.375000000    3.124183596   -4.045135841
  -11.200000000    2.619619074   -1.630767793
  -11.025000000    2.590677780    1.514580995
  -10.850000000    3.260526279    6.392914162
  -10.675000000    4.886970082   12.256062720
  -10.500000000    7.525320286   17.716058596
  -10.325000000   10.975997601   21.285037655
  -10.150000000   14.825478342   22.343804086
   -9.975000000   18.668072068   21.293932266
   -9.800000000   22.215536556   19.177294382
   -9.625000000   25.333906584   16.441313311
   -9.450000000   27.960478421   13.468336693
   -9.275000000   30.054078716   10.549380696
   -9.100000000   31.697198303    8.414516479
   -8.925000000   33.108981513    8.044970990
   -8.750000000   34.645686428    9.768084377
   -8.575000000   36.594347266   12.522437136
   -8.400000000   38.974925021   14.398928321
   -8.225000000   41.536337480   14.516340257
   -8.050000000   43.942197215   12.783068009
   -7.875000000   45.980070044   10.562967726
   -7.700000000   47.647988129    8.607903842
   -7.525000000   49.039996575    7.401536593
   -7.350000000   50.255128805    6.513454224
   -7.175000000   51.312339131    5.420985731
   -7.000000000   52.120141972    3.737806247
   -6.825000000   52.595879308    1.606575497
   -6.650000000   52.665651183   -0.816829903
   -6.475000000   52.308716872   -3.198818553
   -6.300000000   51.586762211   -4.923587006
   -6.125000000   50.642594064   -5.766017435
   -5.950000000   49.623906194   -5.786328285
   -5.775000000   48.611363546   -5.750853697
   -5.600000000   47.582747503   -6.057329312
   -5.425000000   46.490874602   -6.405274720
   -5.250000000   45.370070025   -6.305090408
   -5.075000000   44.344121491   -5.255802214
   -4.900000000   43.566486453   -3.692976550
   -4.725000000   43.059082287   -2.161481637
   -4.550000000   42.753216702   -1.444818094
   -4.375000000   42.533907913   -1.071891633
   -4.200000000   42.410259656   -0.285653086
   -4.025000000   42.453614965    0.881606766
   -3.850000000   42.731589464    2.201811985
   -3.675000000   43.184850134    2.815508705
   -3.500000000   43.624081210    2.087264651
   -3.325000000   43.881887613    0.764014730
   -3.150000000   43.889156159   -0.673489416
   -2.975000000   43.680258173   -1.617684822
   -2.800000000   43.357480829   -1.979255032
   -2.625000000   43.018353767   -1.918647057
   -2.450000000   42.692787063   -1.839407745
   -2.275000000   42.366094570   -1.913350265
   -2.100000000   42.013549453   -2.020335987
   -1.925000000   41.654446534   -1.963504860
   -1.750000000   41.358519383   -1.340656814
   -1.575000000   41.224475285   -0.161975230
   -1.400000000   41.331372831    1.277531420
   -1.225000000   41.652040434    2.346108640
   -1.050000000   42.106452710    2.716448936
   -0.875000000   42.573250964    2.473800859
   -0.700000000   42.960453322    1.882974930
   -0.525000000   43.255850099    1.448977401
   -0.350000000   43.506731007    1.377917006
   -0.175000000   43.747398865    1.297895975
   -0.000000000   43.951703697    1.054232272
    0.175000000   44.117408533    0.764139710
    0.350000000   44.228598020    0.578228944
    0.525000000   44.329476793    0.669212890
    0.700000000   44.450731785    0.783329592
    0.875000000   44.607685963    0.908366168
    1.050000000   44.760416324    0.771476838
    1.225000000   44.890500046    0.726391620
    1.400000000   45.031544623    0.898604868
    1.575000000   45.199987452    1.026341577
    1.750000000   45.400000043    1.175017537
    1.925000000   45.578479513    0.834083192
    2.100000000   45.687901573    0.330664676
    2.275000000   45.699419579   -0.120472023
    2.450000000   45.674247194    0.006493023
    2.625000000   45.728177265    0.624927099
    2.800000000   45.890002713    1.105016620
    2.975000000   46.075453196    0.911352492
    3.150000000   46.146545903   -0.231577335
    3.325000000   45.989286993   -1.619332674
    3.500000000   45.597141537   -2.716673018
    3.675000000   45.053790399   -3.440754093
    3.850000000   44.408940015   -3.811053585
    4.025000000   43.734176633   -3.811013763
    4.200000000   43.084909326   -3.507728984
    4.375000000   42.556692859   -2.497592219
    4.550000000   42.253077598   -0.952009837
    4.725000000   42.199398587    0.264428599
    4.900000000   42.270890700    0.329695725
    5.075000000   42.215894028   -1.150150177
    5.250000000   41.828103466   -3.316803570
    5.425000000   41.052306066   -5.370808018
    5.600000000   40.040364515   -6.010280758
    5.775000000   39.031623480   -5.247919342
    5.950000000   38.250567909   -3.565177058
    6.125000000   37.761829604   -2.198150610
    6.300000000   37.441991764   -1.664572517
    6.475000000   37.134926477   -1.887961359
    6.650000000   36.806002658   -1.738528363
    6.825000000   36.609121385   -0.189060699
    7.000000000   36.826598246    2.956601177
    7.175000000   37.677257676    6.726795475
    7.350000000   39.105318629    9.153554513
    7.525000000   40.695469047    8.515095881
    7.700000000   41.871412425    4.459425945
    7.875000000   42.125871265   -1.760343135
    8.050000000   41.230747911   -8.354049792
    8.225000000   39.268278906  -13.843479993
    8.400000000   36.505985977  -17.376145889
    8.575000000   33.301605532  -18.927079157
    8.750000000   29.989174434  -18.647065221
    8.925000000   26.856002600  -17.056870832
    9.100000000   24.072369377  -14.780462560
    9.275000000   21.639912158  -13.143851007
    9.450000000   19.401105900  -12.668455405
    9.625000000   17.116068322  -13.713160758
    9.800000000   14.588757161  -15.247310140
    9.975000000   11.826565992  -16.148164400
   10.150000000    9.004721567  -15.857315611
   10.325000000    6.359072070  -14.228621285
   10.500000000    4.097581658  -11.561297059
   10.675000000    2.325857587   -8.674686098
   10.850000000    1.050320127   -5.905752033
   11.025000000    0.262239975   -3.003870350
   11.200000000    0.000000000    0.016828702
   11.375000000    0.278311780    3.155149566
   11.550000000    1.113840754    6.463360508
   11.725000000    2.548550617   10.068539538
   11.900000000    4.665470604   14.329024712
   12.075000000    7.608471646   19.468204585
   12.250000000   11.531192356   25.457614891
   12.425000000   16.537784525   31.767785383
   12.600000000   22.645184866   37.976391380
   12.775000000   29.821518740   44.170713945
   12.950000000   38.179245268   51.773111802
   13.125000000   48.137684159   62.751675007
   13.300000000   60.425825811   78.489229984
   13.475000000   75.833380376   97.938967783
   13.650000000   94.656449773  116.569788871
   13.825000000  116.247829053  128.546796686
   14.000000000  138.965632537  128.865989678
   14.175000000  160.578429811  116.105940054
   14.350000000  179.036231187   93.651578676
   14.525000000  193.140881069   67.418805616
   14.700000000  202.761521460   43.183163474
   14.875000000  208.604329978   24.641905960
   15.050000000  211.760133641   12.463347222
   15.225000000  213.261327073    5.463258491
   15.400000000  213.881811290    2.052250772
   15.575000000  214.093785798    0.622564497
   15.750000000  214.143943632    0.080279328
   15.925000000  214.147462473   -0.000000000
   16.100000000  214.147462473   -0.000000000
   16.275000000  214.147462473   -0.000000000
   16.450000000  214.147462473   -0.000000000
   16.625000000  214.147462473   -0.000000000
   16.800000000  214.147462473   -0.000000000
   16.975000000  214.147462473   -0.000000000
   17.150000000  214.147462473   -0.000000000
   17.325000000  214.147462473   -0.000000000
   17.500000000  214.147462473   -0.000000000
   17.675000000  214.147462473   -0.000000000
   17.850000000  214.147462473   -0.000000000
   18.025000000  214.147462473   -0.000000000
   18.200000000  214.147462473   -0.000000000
   18.375000000  214.147462473   -0.000000000
   18.550000000  214.147462473   -0.000000000
   18.725000000  214.147462473   -0.000000000
   18.900000000  214.147462473   -0.000000000
   19.075000000  214.147462473   -0.000000000
   19.250000000  214.147462473   -0.000000000
   19.425000000  214.147462473   -0.000000000
   19.600000000  214.147462473   -0.000000000
   19.775000000  214.147462473   -0.000000000
   19.950000000  214.147462473   -0.000000000
   20.125000000  214.147462473   -0.000000000
   20.300000000  214.147462473   -0.000000000
   20.475000000  214.147462473   -0.000000000
   20.650000000  214.147462473   -0.000000000
   20.825000000  214.147462473   -0.000000000
   21.000000000  214.147462473   -0.000000000
   21.175000000  214.147462473   -0.000000000
   21.350000000  214.147462473   -0.000000000
   21.525000000  214.147462473   -0.000000000
   21.700000000  214.147462473   -0.000000000
   21.875000000  214.147462473   -0.000000000
   22.050000000  214.147462473   -0.000000000
   22.225000000  214.147462473   -0.000000000
   22.400000000  214.147462473   -0.000000000
   22.575000000  214.147462473   -0.000000000
   22.750000000  214.147462473   -0.000000000
   22.925000000  214.147462473   -0.000000000
   23.100000000  214.147462473   -0.000000000
   23.275000000  214.147462473   -0.000000000
   23.450000000  214.147462473   -0.000000000
   23.625000000  214.147462473   -0.000000000
   23.800000000  214.147462473   -0.000000000
   23.975000000  214.147462473   -0.000000000
   24.150000000  214.147462473   -0.000000000
   24.325000000  214.147462473   -0.000000000
   24.500000000  214.147462473   -0.000000000
   24.675000000  214.147462473   -0.000000000
   24.850000000  214.147462473   -0.000000000
   25.025000000  214.147462473   -0.000000000
   25.200000000  214.147462473   -0.000000000
   25.375000000  214.147462473   -0.000000000
   25.550000000  214.147462473   -0.000000000
   25.725000000  214.147462473   -0.000000000
   25.900000000  214.147462473   -0.000000000
   26.075000000  214.147462473   -0.000000000
   26.250000000  214.147462473   -0.000000000
   26.425000000  214.147462473   -0.000000000
   26.600000000  214.147462473   -0.000000000
   26.775000000  214.147462473   -0.000000000
   26.950000000  214.147462473   -0.000000000
   27.125000000  214.147462473   -0.000000000
   27.300000000  214.147462473   -0.000000000
   27.475000000  214.147462473   -0.000000000
   27.650000000  214.147462473   -0.000000000
   27.825000000  214.147462473   -0.000000000
   28.000000000  214.147462473   -0.000000000
   28.175000000  214.147462473   -0.000000000
   28.350000000  214.147462473   -0.000000000
   28.525000000  214.147462473   -0.000000000
   28.700000000  214.147462473   -0.000000000
   28.875000000  214.147462473   -0.000000000
   29.050000000  214.147462473   -0.000000000
   29.225000000  214.147462473   -0.000000000
   29.400000000  214.147462473   -0.000000000
   29.575000000  214.147462473   -0.000000000
   29.750000000  214.147462473   -0.000000000
   29.925000000  214.147462473   -0.000000000
   30.100000000  214.147462473   -0.000000000
   30.275000000  214.147462473   -0.000000000
   30.450000000  214.147462473   -0.000000000
   30.625000000  214.147462473   -0.000000000
   30.800000000  214.147462473   -0.000000000
   30.975000000  214.147462473   -0.000000000
   31.150000000  214.147462473   -0.000000000
   31.325000000  214.147462473   -0.000000000
   31.500000000  214.147462473   -0.000000000
