#! FIELDS cv file.free der_cv
#! SET min_cv -12.77
#! SET max_cv 12.77
#! SET nbins_cv  361
#! SET periodic_cv false
  -12.770000000  231.451254824   -0.000000000
  -12.699055556  231.451254824   -0.000000000
  -12.628111111  231.451254824   -0.000000000
  -12.557166667  231.451254824   -0.000000000
  -12.486222222  231.451254824   -0.000000000
  -12.415277778  231.451254824   -0.000000000
  -12.344333333  231.451254824   -0.000000000
  -12.273388889  231.451254824   -0.000000000
  -12.202444444  231.451254824   -0.000000000
  -12.131500000  231.451254824   -0.000000000
  -12.060555556  231.451254824   -0.000000000
  -11.989611111  231.451254824   -0.000000000
  -11.918666667  231.451254824   -0.000000000
  -11.847722222  231.451254824   -0.000000000
  -11.776777778  231.451254824   -0.000000000
  -11.705833333  231.451254824   -0.000000000
  -11.634888889  231.451254824   -0.000000000
  -11.563944444  231.451254824   -0.000000000
  -11.493000000  231.451254824   -0.000000000
  -11.422055556  231.451254824   -0.000000000
  -11.351111111  231.451254824   -0.000000000
  -11.280166667  231.451254824   -0.000000000
  -11.209222222  231.451254824   -0.000000000
  -11.138277778  231.451254824   -0.000000000
  -11.067333333  231.451254824   -0.000000000
  -10.996388889  231.451254824   -0.000000000
  -10.925444444  231.451254824   -0.000000000
  -10.854500000  231.451254824   -0.000000000
  -10.783555556  231.451254824   -0.000000000
  -10.712611111  231.451254824   -0.000000000
  -10.641666667  231.451254824   -0.000000000
  -10.570722222  231.451254824   -0.000000000
  -10.499777778  231.451254824   -0.000000000
  -10.428833333  231.451254824   -0.000000000
  -10.357888889  231.451254824   -0.000000000
  -10.286944444  231.451254824   -0.000000000
  -10.216000000  231.451254824   -0.000000000
  -10.145055556  231.451254824   -0.000000000
  -10.074111111  231.451254824   -0.000000000
  -10.003166667  231.451254824   -0.000000000
   -9.932222222  231.451254824   -0.000000000
   -9.861277778  231.451254824   -0.000000000
   -9.790333333  231.451254824   -0.000000000
   -9.719388889  231.451254824   -0.000000000
   -9.648444444  231.451254824   -0.000000000
   -9.577500000  231.451084143   -0.013358563
   -9.506555556  231.449717399   -0.031237543
   -9.435611111  231.446843261   -0.055587421
   -9.364666667  231.441184336   -0.113998403
   -9.293722222  231.428526476   -0.254191082
   -9.222777778  231.402452326   -0.478329080
   -9.151833333  231.357928565   -0.787439095
   -9.080888889  231.285769970   -1.283089564
   -9.009944444  231.168952193   -2.033073965
   -8.939000000  230.989491757   -3.090262420
   -8.868055556  230.721401032   -4.518872493
   -8.797111111  230.333994362   -6.489499824
   -8.726166667  229.787298848   -9.024736255
   -8.655222222  229.037339942  -12.232353934
   -8.584277778  228.029971036  -16.334430983
   -8.513333333  226.697616753  -21.387077811
   -8.442388889  224.972764252  -27.389361669
   -8.371444444  222.780895616  -34.557341231
   -8.300500000  220.045178405  -42.730330837
   -8.229555556  216.692486787  -51.946247203
   -8.158611111  212.654241839  -62.005952258
   -8.087666667  207.881346270  -72.612170725
   -8.016722222  202.344421518  -83.510857083
   -7.945777778  196.031751718  -94.396440369
   -7.874833333  188.961847623 -104.756198387
   -7.803888889  181.188121115 -114.224732171
   -7.732944444  172.785424844 -122.376269986
   -7.662000000  163.864916778 -128.784462700
   -7.591055556  154.558868581 -133.203811012
   -7.520111111  145.014969372 -135.477842993
   -7.449166667  135.390975732 -135.480426071
   -7.378222222  125.838685884 -133.420733550
   -7.307277778  116.506116886 -129.362837274
   -7.236333333  107.520702731 -123.713474712
   -7.165388889   98.980656354 -116.869486149
   -7.094444444   90.959060150 -109.170725766
   -7.023500000   83.498804906 -101.131135448
   -6.952555556   76.613029679  -93.032815796
   -6.881611111   70.288881847  -85.319236841
   -6.810666667   64.493396285  -78.192474162
   -6.739722222   59.175657201  -71.841525245
   -6.668777778   54.279950197  -66.312715108
   -6.597833333   49.748852155  -61.550000103
   -6.526888889   45.524932972  -57.628616008
   -6.455944444   41.561274176  -54.232729157
   -6.385000000   37.819572908  -51.332140064
   -6.314055556   34.271205417  -48.722912938
   -6.243111111   30.901465635  -46.292468977
   -6.172166667   27.704673299  -43.827058729
   -6.101222222   24.682788687  -41.343562376
   -6.030277778   21.837161447  -38.805727111
   -5.959333333   19.181079749  -36.085725705
   -5.888388889   16.721177548  -33.233560937
   -5.817444444   14.467623035  -30.284179277
   -5.746500000   12.424208604  -27.344173804
   -5.675555556   10.585834609  -24.436817051
   -5.604611111    8.953662605  -21.586334994
   -5.533666667    7.519176493  -18.901952202
   -5.462722222    6.264894915  -16.483482451
   -5.391777778    5.173495473  -14.328619443
   -5.320833333    4.228040857  -12.363098474
   -5.249888889    3.409255689  -10.737381057
   -5.178944444    2.699533421   -9.300538566
   -5.108000000    2.084998437   -8.054817855
   -5.037055556    1.553520607   -6.971952809
   -4.966111111    1.095316548   -5.999946812
   -4.895166667    0.706778036   -4.952250434
   -4.824222222    0.391916424   -3.882187383
   -4.753277778    0.159722293   -2.620846865
   -4.682333333    0.023430554   -1.158180075
   -4.611388889    0.000000000    0.557013647
   -4.540444444    0.110705022    2.581862448
   -4.469500000    0.372381036    4.802209068
   -4.398555556    0.792426593    7.092010520
   -4.327611111    1.384804005    9.577452035
   -4.256666667    2.148529285   11.917378442
   -4.185722222    3.072536329   14.116789606
   -4.114777778    4.143506573   16.003205091
   -4.043833333    5.327489901   17.330477482
   -3.972888889    6.586245261   18.124628450
   -3.901944444    7.882104508   18.282155217
   -3.831000000    9.168366304   17.909250479
   -3.760055556   10.410064432   16.982834117
   -3.689111111   11.572440744   15.700040926
   -3.618166667   12.633817012   14.219124986
   -3.547222222   13.588801259   12.710524499
   -3.476277778   14.437559805   11.243064640
   -3.405333333   15.194742167   10.119736743
   -3.334388889   15.880349354    9.270110590
   -3.263444444   16.518308150    8.772137859
   -3.192500000   17.131046314    8.584089763
   -3.121555556   17.737630299    8.518779447
   -3.050611111   18.346093237    8.595258659
   -2.979666667   18.955066628    8.575512309
   -2.908722222   19.561562460    8.500172892
   -2.837777778   20.153600933    8.164877875
   -2.766833333   20.718636298    7.719726794
   -2.695888889   21.249057320    7.213681181
   -2.624944444   21.741610804    6.696710293
   -2.554000000   22.199487923    6.248652608
   -2.483055556   22.638230095    6.196803775
   -2.412111111   23.084716219    6.434659983
   -2.341166667   23.561357179    7.090608395
   -2.270222222   24.100342870    8.146909648
   -2.199277778   24.721762830    9.377813832
   -2.128333333   25.435570619   10.733322930
   -2.057388889   26.245437942   12.061957166
   -1.986444444   27.137921120   12.991461911
   -1.915500000   28.076527094   13.375268676
   -1.844555556   29.022157531   13.162095909
   -1.773611111   29.929581491   12.207127713
   -1.702666667   30.740887643   10.516563724
   -1.631722222   31.406070892    8.156277272
   -1.560777778   31.881733642    5.214476436
   -1.489833333   32.138653776    1.956008399
   -1.418888889   32.157094517   -1.444846214
   -1.347944444   31.933049368   -4.801817620
   -1.277000000   31.486832431   -7.731397772
   -1.206055556   30.846734657  -10.207605752
   -1.135111111   30.051954152  -12.047019439
   -1.064166667   29.148278731  -13.268373817
   -0.993222222   28.180977535  -13.881989353
   -0.922277778   27.194380150  -13.893747285
   -0.851333333   26.226692551  -13.323614498
   -0.780388889   25.312106791  -12.405709371
   -0.709444444   24.469347427  -11.321556878
   -0.638500000   23.713418118   -9.984889533
   -0.567555556   23.050724777   -8.692840907
   -0.496611111   22.477144729   -7.474355699
   -0.425666667   21.991537759   -6.235960826
   -0.354722222   21.589748180   -5.102078800
   -0.283777778   21.267292368   -3.987481428
   -0.212833333   21.013568675   -3.142098912
   -0.141888889   20.826770265   -2.153703366
   -0.070944444   20.707586227   -1.180856513
    0.000000000   20.661510231   -0.117065812
    0.070944444   20.691115534    0.978264091
    0.141888889   20.804929730    2.246163926
    0.212833333   21.012766286    3.620423682
    0.283777778   21.322347377    5.105773465
    0.354722222   21.741463334    6.702501585
    0.425666667   22.270926278    8.219281040
    0.496611111   22.906396240    9.648016206
    0.567555556   23.640813019   10.997941463
    0.638500000   24.461295723   12.078548154
    0.709444444   25.346212849   12.785087206
    0.780388889   26.269784168   13.199378516
    0.851333333   27.202421216   13.003824480
    0.922277778   28.102349165   12.246764517
    0.993222222   28.928315551   10.918433129
    1.064166667   29.637719810    8.972253687
    1.135111111   30.188659465    6.450233817
    1.206055556   30.540918408    3.440835422
    1.277000000   30.665146381   -0.016409947
    1.347944444   30.537461182   -3.605170903
    1.418888889   30.152763238   -7.243684813
    1.489833333   29.517534374  -10.666559259
    1.560777778   28.650185426  -13.761171599
    1.631722222   27.586067177  -16.154309608
    1.702666667   26.376734205  -17.823589780
    1.773611111   25.077401815  -18.672314282
    1.844555556   23.748229795  -18.656423036
    1.915500000   22.448212117  -17.883342764
    1.986444444   21.227612295  -16.401460050
    2.057388889   20.131183180  -14.466879612
    2.128333333   19.182369273  -12.297743105
    2.199277778   18.387248962  -10.098235656
    2.270222222   17.746380848   -8.000378075
    2.341166667   17.238954560   -6.310805075
    2.412111111   16.842352430   -4.937253598
    2.483055556   16.524324429   -4.078921520
    2.554000000   16.254121460   -3.588639943
    2.624944444   16.004997849   -3.469682013
    2.695888889   15.754970832   -3.650346490
    2.766833333   15.485485522   -3.943010076
    2.837777778   15.196419366   -4.255870481
    2.908722222   14.892298411   -4.318933217
    2.979666667   14.587386905   -4.276408052
    3.050611111   14.289000444   -4.121500338
    3.121555556   14.002920808   -3.900531372
    3.192500000   13.731254139   -3.743211015
    3.263444444   13.471179298   -3.660777949
    3.334388889   13.200081749   -3.947804013
    3.405333333   12.905850494   -4.476690316
    3.476277778   12.563056344   -5.255240523
    3.547222222   12.152529794   -6.346957501
    3.618166667   11.655946233   -7.663938481
    3.689111111   11.065915547   -9.008265556
    3.760055556   10.379784525  -10.331351692
    3.831000000    9.604797762  -11.443036326
    3.901944444    8.759960953  -12.322465724
    3.972888889    7.868396660  -12.747440737
    4.043833333    6.957884214  -12.810295510
    4.114777778    6.063718024  -12.349937171
    4.185722222    5.216741154  -11.486526258
    4.256666667    4.441141054  -10.286723210
    4.327611111    3.763827059   -8.827245328
    4.398555556    3.193441403   -7.208839522
    4.469500000    2.741077850   -5.547567524
    4.540444444    2.408296527   -3.860356628
    4.611388889    2.192398588   -2.228333429
    4.682333333    2.089875038   -0.690669634
    4.753277778    2.091996000    0.753691088
    4.824222222    2.193366583    2.081543092
    4.895166667    2.390747299    3.465934147
    4.966111111    2.688343434    4.922200774
    5.037055556    3.088884212    6.379478684
    5.108000000    3.596864945    7.948542179
    5.178944444    4.220910463    9.673240587
    5.249888889    4.976470972   11.635451029
    5.320833333    5.879638641   13.836807417
    5.391777778    6.944276140   16.205170694
    5.462722222    8.182841912   18.714451590
    5.533666667    9.603974248   21.369592298
    5.604611111   11.216462644   24.116653522
    5.675555556   13.024074523   26.837285882
    5.746500000   15.025837804   29.618929731
    5.817444444   17.224586039   32.345284093
    5.888388889   19.615793064   35.073921693
    5.959333333   22.196108236   37.673451473
    6.030277778   24.955666453   40.121156469
    6.101222222   27.886088045   42.450775369
    6.172166667   30.977528516   44.689312863
    6.243111111   34.223966300   46.831587695
    6.314055556   37.624855095   49.108423551
    6.385000000   41.195621229   51.582954017
    6.455944444   44.956271615   54.504327183
    6.526888889   48.939308475   57.860007799
    6.597833333   53.182221299   61.870980716
    6.668777778   57.736545087   66.632868707
    6.739722222   62.658917051   72.269379222
    6.810666667   68.009347658   78.688946657
    6.881611111   73.839799385   85.812027484
    6.952555556   80.195376104   93.422703711
    7.023500000   87.102149554  101.283196143
    7.094444444   94.565906579  109.076291015
    7.165388889  102.565078076  116.343048247
    7.236333333  111.051265308  122.670952270
    7.307277778  119.939612841  127.652368790
    7.378222222  129.124604592  130.976138230
    7.449166667  138.476834901  132.344233340
    7.520111111  147.854736872  131.681126504
    7.591055556  157.109634376  128.894665685
    7.662000000  166.096819648  124.137150752
    7.732944444  174.679943277  117.540266263
    7.803888889  182.739379643  109.474510515
    7.874833333  190.180942470  100.176388190
    7.945777778  196.937939980   90.226057151
    8.016722222  202.972600636   79.874672811
    8.087666667  208.272102247   69.540918843
    8.158611111  212.847720058   59.523202968
    8.229555556  216.732402025   50.102438764
    8.300500000  219.975859504   41.500341582
    8.371444444  222.639143860   33.761622266
    8.442388889  224.789842997   27.048828450
    8.513333333  226.500463430   21.301028619
    8.584277778  227.835930637   16.495595058
    8.655222222  228.859014701   12.486105990
    8.726166667  229.625736522    9.284469074
    8.797111111  230.193086814    6.810518055
    8.868055556  230.604739224    4.876831349
    8.939000000  230.895775772    3.413365887
    9.009944444  231.097931835    2.329237084
    9.080888889  231.232228284    1.516079097
    9.151833333  231.320577331    0.997009735
    9.222777778  231.376210062    0.606732281
    9.293722222  231.408566743    0.362407484
    9.364666667  231.428611845    0.202387589
    9.435611111  231.439555587    0.119057984
    9.506555556  231.446448247    0.077815419
    9.577500000  231.450166049    0.032740046
    9.648444444  231.451254824   -0.000000000
    9.719388889  231.451254824   -0.000000000
    9.790333333  231.451254824   -0.000000000
    9.861277778  231.451254824   -0.000000000
    9.932222222  231.451254824   -0.000000000
   10.003166667  231.451254824   -0.000000000
   10.074111111  231.451254824   -0.000000000
   10.145055556  231.451254824   -0.000000000
   10.216000000  231.451254824   -0.000000000
   10.286944444  231.451254824   -0.000000000
   10.357888889  231.451254824   -0.000000000
   10.428833333  231.451254824   -0.000000000
   10.499777778  231.451254824   -0.000000000
   10.570722222  231.451254824   -0.000000000
   10.641666667  231.451254824   -0.000000000
   10.712611111  231.451254824   -0.000000000
   10.783555556  231.451254824   -0.000000000
   10.854500000  231.451254824   -0.000000000
   10.925444444  231.451254824   -0.000000000
   10.996388889  231.451254824   -0.000000000
   11.067333333  231.451254824   -0.000000000
   11.138277778  231.451254824   -0.000000000
   11.209222222  231.451254824   -0.000000000
   11.280166667  231.451254824   -0.000000000
   11.351111111  231.451254824   -0.000000000
   11.422055556  231.451254824   -0.000000000
   11.493000000  231.451254824   -0.000000000
   11.563944444  231.451254824   -0.000000000
   11.634888889  231.451254824   -0.000000000
   11.705833333  231.451254824   -0.000000000
   11.776777778  231.451254824   -0.000000000
   11.847722222  231.451254824   -0.000000000
   11.918666667  231.451254824   -0.000000000
   11.989611111  231.451254824   -0.000000000
   12.060555556  231.451254824   -0.000000000
   12.131500000  231.451254824   -0.000000000
   12.202444444  231.451254824   -0.000000000
   12.273388889  231.451254824   -0.000000000
   12.344333333  231.451254824   -0.000000000
   12.415277778  231.451254824   -0.000000000
   12.486222222  231.451254824   -0.000000000
   12.557166667  231.451254824   -0.000000000
   12.628111111  231.451254824   -0.000000000
   12.699055556  231.451254824   -0.000000000
   12.770000000  231.451254824   -0.000000000
